mc=1.12;
mp=0.095;
L=0.36;
g=9.81;
Um=0.5;
DZu=0.4;
DZpv=3.6;
DZcp=6.8;
DZcv=0.08;
fp=0.0038;
J=0.0075;
l=0.0167903;
mu=l*(mc+mp);
Fs=2.75;
a=-l^2+J/(mc+mp);
M=22.304;
Fc=0.75;
FSD=2.7457;
FSU=2.7972;
FCU=0.8793;
FCD=0.2501;
Xc=2;
Yc=2;
FS=2;
FSul=2;
FSdl=-1;
